512
510
510
510
510
510
510
510
510
510
510
510
510
510
510
510
510
510
510
510
510
510
509
510
511
510
510
510
510
510
510
509
510
510
510
510
510
510
510
510
510
510
510
510
511
510
510
510
510
510
511
511
510
510
510
510
510
511
510
510
510
511
510
510
511
510
510
510
510
511
511
511
510
510
510
510
510
511
510
510
510
510
511
511
511
510
510
510
511
510
511
510
510
511
510
511
511
511
511
510
510
510
510
511
511
510
510
511
510
511
511
510
510
511
511
511
511
510
510
510
510
511
510
511
511
510
510
511
510
510
511
510
510
511
510
510
511
510
510
511
510
510
511
510
510
510
510
511
511
511
510
510
510
510
510
511
511
510
510
511
511
510
510
510
510
510
510
511
510
511
510
510
510
511
510
511
510
510
511
511
511
510
511
510
510
511
511
511
511
511
510
510
510
511
510
511
510
510
511
511
511
511
510
510
511
510
510
511
511
510
510
510
511
510
511
510
510
510
511
510
510
511
510
510
510
510
511
511
510
510
510
510
511
510
511
510
510
510
511
510
510
510
510
510
511
510
511
511
510
510
511
510
510
511
510
510
510
510
510
510
511
510
510
511
511
511
510
511
510
510
511
510
511
511
510
510
510
510
511
511
511
510
510
510
510
511
511
510
510
510
511
511
511
511
510
510
511
510
511
511
510
510
510
510
511
511
511
511
510
511
510
510
510
511
510
510
511
511
511
511
510
510
510
511
511
511
510
510
510
510
511
510
511
510
510
510
511
510
511
511
510
510
511
510
511
511
511
510
510
511
511
511
510
510
510
510
511
511
511
511
510
510
511
511
510
511
510
511
510
510
510
511
510
510
510
510
511
511
511
510
510
510
511
510
511
511
510
510
510
511
511
511
510
510
510
511
510
511
510
510
511
511
511
511
511
510
510
511
511
511
510
510
510
510
511
511
510
511
510
510
510
510
511
511
511
510
510
511
510
511
511
510
510
511
510
510
511
510
510
510
510
510
511
511
510
510
510
510
511
510
511
510
511
511
510
510
510
510
511
510
295
322
352
380
408
433
459
483
506
529
550
568
588
605
622
639
654
668
679
689
697
702
705
705
708
704
696
688
680
673
667
659
651
643
633
620
597
575
558
537
515
492
472
451
432
414
396
380
364
348
334
321
308
297
286
275
268
263
257
258
258
259
262
271
280
290
300
310
319
327
339
350
361
380
403
424
446
468
492
516
537
559
578
598
615
633
651
666
679
694
708
719
733
742
750
755
760
760
759
760
753
745
735
726
717
708
699
689
679
668
655
633
611
591
569
547
523
500
479
460
440
420
401
385
369
353
340
325
313
301
289
280
273
269
267
265
267
267
275
284
