307
310
321
331
342
352
371
396
416
439
459
486
508
532
553
575
596
615
633
651
668
684
696
711
723
736
748
755
756
756
758
756
756
756
757
748
737
726
716
707
697
688
678
665
639
620
595
577
553
527
504
482
460
440
419
399
382
364
348
334
321
305
295
281
271
263
257
255
255
251
253
259
268
280
289
300
308
318
327
339
348
363
391
408
432
451
478
502
524
547
569
588
608
628
647
663
678
691
706
719
731
744
753
758
757
758
757
757
757
756
752
741
730
721
710
702
692
680
670
652
626
607
583
561
537
512
491
468
448
427
408
388
370
355
339
326
312
297
287
275
267
259
255
255
251
252
255
265
275
284
295
304
315
323
335
344
356
380
400
424
444
467
493
516
537
561
582
602
620
639
655
671
688
700
715
727
739
750
757
758
758
756
758
757
758
757
744
735
724
715
706
696
686
675
660
634
617
591
572
547
522
499
476
455
435
414
396
376
359
344
331
317
303
292
279
269
260
257
254
254
251
255
260
271
283
291
302
310
319
329
341
352
369
395
414
438
455
483
508
531
551
574
594
615
633
650
667
681
696
710
723
735
747
754
757
757
758
758
758
756
757
749
739
728
719
710
699
688
679
667
646
624
600
579
556
531
508
485
463
442
421
403
384
367
352
335
323
307
295
284
273
263
259
255
254
250
253
259
267
277
287
297
307
316
327
336
348
359
386
404
430
448
474
497
521
545
567
587
607
625
643
660
675
691
704
718
729
743
752
758
758
757
756
758
758
758
753
742
732
723
713
704
693
683
672
655
628
611
587
566
542
515
494
472
449
430
409
391
372
356
340
327
313
300
289
276
268
260
255
255
251
251
255
263
273
284
294
303
312
323
334
344
355
375
399
420
441
465
488
513
536
556
578
600
619
638
655
671
686
698
713
726
737
749
757
758
756
758
757
756
758
758
747
738
727
719
707
696
686
675
664
638
620
593
575
550
524
502
480
457
438
417
398
379
363
345
332
319
304
292
281
271
262
257
254
254
251
254
260
269
280
290
300
308
319
329
339
350
364
392
409
435
454
480
504
527
550
572
591
611
630
647
664
679
694
707
721
733
745
753
758
757
758
757
757
758
758
751
740
730
721
711
700
691
679
668
652
624
604
582
561
536
511
487
466
446
424
404
385
368
352
337
323
310
297
285
275
265
260
255
255
249
252
257
265
275
287
295
305
315
326
335
347
358
381
401
427
446
470
494
518
540
563
583
604
624
641
658
673
689
702
716
728
741
751
757
757
756
758
757
757
758
758
744
735
726
715
704
694
684
674
660
632
615
588
569
545
519
497
475
451
432
414
393
376
359
343
329
316
301
291
280
268
260
255
255
252
251
255
262
