316
321
329
340
352
367
391
409
432
451
476
500
523
543
565
585
605
624
642
658
675
688
702
715
727
739
748
755
760
763
763
763
763
756
745
735
726
716
707
698
688
677
667
647
625
604
583
561
537
513
491
471
449
429
410
391
374
358
342
327
315
303
291
280
271
265
259
259
255
259
260
269
280
290
300
308
318
327
337
348
359
384
403
425
446
468
492
515
537
559
579
600
616
636
653
669
684
697
711
722
734
745
752
758
763
761
763
763
760
748
738
728
719
710
700
691
681
670
655
630
611
588
568
543
519
497
476
455
435
415
398
379
363
347
332
319
305
295
283
274
265
262
259
257
257
258
265
276
287
295
306
315
323
334
344
355
376
398
418
440
460
485
508
530
551
572
593
612
631
647
664
679
692
707
719
731
742
750
756
761
761
763
763
761
752
742
732
721
712
704
694
684
673
660
636
619
595
575
551
527
504
483
462
441
422
403
384
368
352
337
323
308
298
287
275
268
263
259
258
255
259
262
273
284
293
303
312
321
331
342
352
368
391
411
433
454
477
502
524
545
566
587
606
624
643
659
675
689
703
715
726
739
748
755
760
762
763
763
761
754
744
735
724
716
707
697
687
676
665
645
623
601
582
560
536
511
489
468
448
428
409
391
372
356
340
327
313
302
291
279
271
265
259
259
257
259
260
270
280
291
300
308
318
327
338
348
361
387
403
428
447
470
494
517
539
560
579
600
619
638
654
670
675
665
655
647
639
632
624
617
611
606
600
595
591
585
583
578
575
572
568
564
561
559
556
553
551
549
547
544
543
541
539
536
536
534
532
531
530
529
527
526
524
524
524
523
521
519
519
519
518
516
516
515
515
515
514
513
513
513
512
511
512
511
511
511
510
510
509
508
508
508
508
508
507
508
508
508
508
507
507
507
507
507
507
507
505
505
505
505
505
505
505
505
505
505
505
505
505
505
505
505
505
505
505
505
505
505
505
505
505
505
505
505
505
505
505
505
505
505
505
505
505
505
506
505
505
506
505
507
507
507
506
507
507
507
507
505
507
507
507
507
507
507
507
507
507
508
507
508
508
507
508
508
508
507
508
508
508
508
508
508
508
508
508
508
508
508
508
508
508
508
508
508
508
508
508
508
508
508
508
508
508
508
508
508
508
508
508
509
508
508
508
508
508
508
509
508
508
509
509
509
509
509
509
509
509
510
509
510
509
509
509
510
510
510
510
509
510
510
510
510
510
509
509
510
510
510
510
510
510
510
508
510
510
510
510
510
510
510
510
509
510
510
510
510
510
510
510
510
509
510
510
510
510
510
510
510
510
510
510
511
510
510
510
510
510
510
510
510
510
510
510
510
510
510
510
510
510
510
