255
259
271
280
291
301
312
321
332
344
358
385
398
424
444
468
494
518
539
561
582
601
620
639
655
671
686
700
714
726
739
748
757
761
763
763
763
762
763
753
743
733
723
715
705
694
684
673
652
633
614
590
570
545
520
499
478
455
436
416
398
381
364
348
335
320
307
295
284
275
268
262
259
258
260
259
267
278
287
297
306
316
326
335
347
359
385
398
423
443
464
489
513
536
556
577
598
615
635
651
668
683
696
710
722
735
746
755
760
762
763
763
763
763
756
746
736
726
716
707
697
687
675
661
635
622
595
575
552
527
504
483
462
441
422
403
384
368
352
337
324
310
299
285
275
268
262
257
257
256
258
262
271
283
292
301
311
319
331
342
352
372
391
411
435
454
479
504
526
547
568
588
608
627
644
660
676
689
704
717
728
741
750
758
762
763
763
763
763
758
748
737
728
719
710
700
689
679
667
639
627
602
583
560
536
512
489
467
448
427
408
390
372
357
342
327
313
302
289
278
269
263
257
257
255
257
259
268
279
287
296
307
316
326
336
348
361
387
400
427
446
469
495
518
540
561
581
601
620
638
655
671
685
697
711
723
736
747
755
760
763
763
763
763
763
752
739
731
721
711
703
692
681
671
651
632
611
588
568
543
519
496
476
454
434
415
396
377
362
345
333
319
305
294
281
272
263
259
257
255
255
257
263
275
285
294
303
312
322
333
344
355
381
393
419
439
460
486
510
531
553
574
594
612
632
647
664
679
693
707
719
732
743
752
758
763
763
763
763
763
755
743
734
724
716
705
696
685
675
660
633
622
595
575
551
527
504
482
461
440
420
403
384
368
352
337
323
310
297
285
275
267
261
255
255
255
258
259
270
280
290
300
310
319
329
339
351
370
390
408
432
451
460
467
473
480
486
491
496
501
505
510
514
518
521
525
528
531
534
536
539
540
543
545
547
549
550
551
552
553
554
556
557
558
558
559
559
560
560
559
560
560
560
560
560
560
560
560
559
560
559
559
558
558
558
557
556
556
556
556
555
553
553
553
551
551
551
550
550
549
548
548
547
547
545
545
544
543
543
543
542
542
540
540
540
539
537
537
537
536
536
536
534
534
533
532
532
531
531
529
530
529
528
527
527
527
527
526
526
525
525
524
524
524
523
523
523
522
521
521
521
520
520
520
519
519
519
519
519
519
519
518
518
518
516
517
517
516
516
516
516
515
515
515
515
515
515
515
515
515
514
513
513
513
513
513
513
513
512
513
513
512
513
512
512
512
512
512
512
512
511
512
512
511
512
512
511
511
511
511
511
511
511
511
511
511
511
511
511
511
510
511
510
511
510
511
510
510
510
510
510
510
510
510
510
510
510
510
510
510
