255
250
252
257
267
277
287
299
310
319
327
339
350
364
391
412
435
455
480
504
527
549
571
591
611
632
649
665
681
696
710
720
732
743
752
755
754
755
755
755
755
755
752
739
729
719
710
700
689
679
668
651
624
601
581
558
533
509
487
465
444
423
403
384
368
351
335
323
308
297
285
275
267
263
255
254
251
252
255
265
276
287
297
306
316
327
337
348
359
380
405
428
447
472
497
519
542
563
583
605
624
641
659
675
691
704
718
728
740
750
755
755
755
755
755
755
755
755
744
732
723
712
703
694
683
671
659
633
610
588
568
542
519
496
473
452
432
412
391
374
358
340
327
313
302
291
279
270
263
257
254
252
253
255
260
271
282
294
304
313
323
333
344
355
371
398
419
440
462
487
511
532
556
575
598
616
636
654
670
686
698
712
724
736
747
754
755
755
755
755
755
755
755
748
737
727
716
707
697
687
676
665
644
620
596
575
551
527
504
483
460
440
419
399
380
364
348
333
319
305
295
283
273
264
260
254
252
252
254
258
268
280
289
300
309
319
329
339
351
363
387
409
433
453
478
503
524
547
568
590
609
630
647
664
679
694
707
720
731
743
752
755
755
755
755
755
756
755
755
743
732
720
711
702
691
681
670
654
627
606
583
563
537
513
491
468
448
427
408
387
371
353
337
324
310
300
287
276
268
262
254
254
252
254
255
263
273
286
295
304
315
324
335
346
358
379
403
424
444
468
494
516
537
560
582
602
621
639
657
674
688
701
716
727
739
748
755
755
756
756
755
755
755
755
745
735
724
716
706
696
684
673
662
636
615
591
572
546
521
500
478
455
435
414
395
376
359
344
330
316
303
292
280
271
264
259
254
252
252
255
259
271
282
291
301
312
321
332
342
352
368
395
415
439
459
483
507
528
551
572
593
615
632
651
666
683
696
711
721
733
745
753
755
755
755
755
755
755
755
751
739
728
717
709
699
688
678
668
647
622
600
578
558
531
508
487
463
444
423
403
383
366
350
335
322
307
297
285
274
267
262
255
254
252
254
256
265
276
287
297
308
317
327
338
348
361
384
407
430
449
474
499
521
543
565
585
606
625
645
662
676
691
705
718
729
742
751
755
755
755
756
755
755
755
755
743
732
723
713
703
692
682
671
657
632
609
587
566
539
516
495
473
452
431
411
391
373
355
340
327
312
300
289
278
270
263
255
254
252
253
255
263
272
283
294
303
314
323
334
344
355
372
399
420
441
464
489
512
535
557
577
600
617
637
655
671
686
700
713
724
736
747
755
755
755
755
755
755
755
755
748
737
726
716
707
696
687
675
664
639
618
595
575
551
527
503
481
459
439
417
399
379
363
345
332
319
304
295
281
272
