280
268
262
255
255
254
255
255
263
275
285
295
304
313
324
335
345
359
387
399
425
444
469
492
516
538
560
580
600
617
637
654
670
685
697
712
723
736
747
755
760
763
763
763
763
763
752
742
731
720
711
702
691
681
670
649
631
610
588
568
543
519
496
473
454
433
414
396
377
361
345
332
317
304
292
280
271
263
259
255
255
255
256
260
273
284
294
304
312
322
332
344
355
382
393
419
440
460
486
510
531
553
574
594
614
632
648
665
680
694
708
720
733
744
752
759
763
763
763
763
763
756
744
735
724
715
705
696
684
674
659
632
620
594
575
551
526
504
482
460
440
420
401
384
367
351
336
323
307
296
284
274
266
260
255
255
255
257
259
270
280
291
300
310
319
329
339
351
371
391
410
433
454
478
503
524
546
568
588
608
625
643
659
676
689
704
716
728
742
750
758
761
763
763
763
763
760
748
737
728
718
708
697
688
678
667
639
627
601
582
560
534
510
488
467
447
427
408
390
372
355
340
327
312
301
287
276
268
263
256
255
255
257
257
265
276
287
297
306
316
326
336
348
361
388
401
427
446
470
495
519
540
561
582
601
620
639
655
671
686
699
713
725
738
748
755
760
763
725
691
664
638
617
600
583
569
558
547
539
531
524
519
513
510
505
503
500
499
497
496
495
494
493
493
492
492
492
492
492
492
492
492
492
493
494
494
493
494
495
496
496
496
496
497
497
496
498
498
499
499
499
499
499
499
499
500
501
502
502
502
502
502
503
503
504
504
504
504
504
504
504
504
504
504
504
505
505
505
505
505
505
505
505
506
507
507
507
507
507
508
508
508
508
508
508
508
508
508
508
508
508
508
508
508
508
508
508
508
508
508
508
509
508
508
508
509
509
509
509
509
508
509
509
509
510
509
509
509
509
509
510
510
510
510
510
510
510
510
510
510
509
510
510
510
510
510
510
510
510
510
510
510
510
510
510
510
510
511
510
510
510
510
510
510
510
510
510
510
510
510
510
510
510
510
510
510
510
510
510
510
510
510
510
511
510
510
510
510
510
510
510
510
510
510
510
510
511
511
510
511
511
511
511
511
510
511
510
511
511
511
510
510
510
511
510
511
510
510
510
511
511
510
511
511
510
510
511
511
511
510
510
510
510
510
510
511
510
510
510
510
510
510
511
511
510
510
511
510
511
511
510
510
510
510
510
511
510
510
510
510
510
511
510
510
511
511
511
511
511
511
510
510
511
510
511
510
510
510
510
511
510
511
510
510
511
511
511
511
511
511
510
511
511
510
511
510
510
510
510
510
511
510
510
510
511
511
511
511
511
511
511
511
511
511
511
510
510
511
511
510
511
511
510
510
510
510
511
510
510
510
