319
324
335
345
358
382
401
423
445
470
494
516
540
560
581
601
619
638
655
672
687
701
716
727
740
748
756
761
762
763
762
763
763
749
737
728
719
710
700
691
679
670
655
627
608
585
566
540
515
492
471
449
430
409
391
374
356
344
327
315
302
289
278
269
262
257
255
255
255
255
262
275
286
295
304
313
323
333
344
355
374
399
419
440
463
487
512
534
556
575
596
615
634
651
668
684
696
712
723
737
748
755
760
763
763
763
763
763
753
742
732
721
713
704
695
684
673
662
636
615
591
572
547
524
499
479
455
436
416
398
380
364
348
335
319
305
295
281
271
263
259
255
255
255
257
259
271
283
292
302
312
319
330
340
352
367
393
412
434
455
480
504
527
548
569
590
610
628
646
662
679
692
708
720
732
745
752
760
763
763
762
763
763
759
746
736
726
716
707
697
688
678
665
646
622
600
580
556
531
508
486
463
444
423
404
385
368
352
339
324
311
299
286
275
267
260
255
255
255
255
257
268
280
289
299
308
317
327
337
348
360
385
404
428
448
472
496
519
542
563
583
604
622
641
657
675
688
703
717
728
742
751
758
762
763
763
763
763
762
749
739
729
719
711
702
691
680
670
655
627
609
585
564
540
515
494
472
451
430
409
391
374
358
344
328
315
302
290
278
270
263
257
255
255
255
257
263
275
286
295
305
315
323
334
344
355
376
399
420
441
463
489
512
535
556
575
598
615
635
652
668
685
697
713
724
737
748
756
760
763
762
763
763
763
755
743
733
722
713
704
695
684
673
660
635
615
591
572
547
523
499
478
455
436
416
397
380
363
347
334
319
305
295
281
271
264
259
255
255
255
257
259
271
283
292
303
312
319
331
344
358
371
384
395
406
416
427
435
445
453
461
468
476
483
489
495
500
505
511
515
519
524
527
531
536
539
542
543
547
549
551
553
556
557
559
560
561
562
563
564
565
566
566
566
568
568
568
568
568
568
568
568
568
568
568
567
567
566
566
566
565
563
563
563
563
562
561
561
560
560
559
558
558
557
556
555
555
553
553
551
551
551
550
550
548
547
547
546
545
544
544
543
543
542
541
540
540
539
539
537
536
536
536
535
535
534
533
532
531
531
531
530
529
528
527
527
527
527
526
526
524
524
524
524
523
523
521
521
520
520
519
519
519
519
519
519
518
518
518
518
516
516
516
516
516
515
515
515
515
515
515
514
515
514
513
513
513
513
513
513
512
512
512
512
512
511
512
512
512
512
511
511
511
511
510
511
511
511
511
511
510
510
511
510
511
510
510
510
510
510
510
510
509
510
510
510
510
510
509
509
509
510
510
509
510
509
509
509
509
509
510
509
508
508
509
509
509
509
508
508
