256
254
258
270
280
290
300
310
319
327
339
353
364
387
411
432
449
476
501
524
547
568
589
609
628
647
663
679
691
705
719
729
743
751
755
755
756
755
755
755
756
750
739
728
718
710
699
689
679
667
648
624
604
583
561
536
511
489
468
447
426
406
387
369
352
339
326
312
300
287
276
268
263
255
255
253
254
259
266
278
287
297
307
318
327
337
350
359
381
404
425
444
470
494
519
540
562
583
604
623
639
658
675
688
702
716
727
739
749
755
756
756
756
755
755
755
755
742
732
721
711
703
691
681
671
658
632
611
588
568
545
519
496
476
452
432
412
392
376
359
343
329
315
303
291
279
270
263
258
255
254
254
257
262
274
286
295
305
315
323
334
344
355
372
398
419
440
460
485
511
534
556
575
597
615
636
653
668
684
696
711
723
736
746
754
755
755
756
755
755
756
755
744
735
725
715
705
696
685
675
663
642
617
596
575
553
527
504
481
460
438
417
399
380
364
347
334
319
305
294
284
273
265
260
255
255
252
255
260
271
280
292
301
311
321
331
342
352
366
390
412
434
454
478
503
526
548
569
591
611
630
647
664
679
691
707
719
732
743
752
756
756
755
755
755
755
755
749
738
728
718
708
697
690
679
668
650
624
603
583
563
535
511
487
466
446
425
406
387
369
352
339
326
311
299
287
275
267
262
255
255
252
254
258
265
279
289
299
307
317
327
337
348
359
382
406
427
445
471
496
519
542
563
583
604
624
643
659
675
688
702
716
728
740
749
755
756
756
755
756
756
755
754
742
731
721
711
703
691
682
671
656
632
611
588
568
545
519
496
475
452
432
412
392
375
358
343
328
315
302
291
279
271
263
257
255
252
254
257
263
274
285
295
305
315
323
334
344
355
371
399
419
441
463
485
511
533
555
577
598
616
636
654
669
689
700
716
728
740
750
755
756
756
755
756
756
755
756
745
735
726
716
705
697
687
676
664
643
615
593
574
551
524
499
477
455
435
414
395
376
359
345
333
319
305
295
281
273
263
259
255
255
252
255
259
270
281
292
302
312
319
329
340
352
366
390
412
433
452
479
504
526
547
571
590
611
630
647
664
684
694
711
723
736
748
755
755
756
756
756
756
755
755
751
739
729
719
711
699
690
679
670
652
622
601
579
558
531
509
484
463
441
420
401
383
365
348
334
319
305
295
282
271
263
257
252
252
249
251
257
267
277
287
297
307
316
327
335
347
359
382
406
430
449
472
498
521
545
568
588
608
627
647
664
676
690
704
716
728
740
750
755
756
755
756
756
756
756
756
743
732
721
712
703
693
681
671
655
632
611
591
568
544
519
495
473
452
432
412
391
375
359
344
329
316
303
291
278
270
263
