255
260
269
280
291
300
311
319
331
342
352
370
396
417
439
460
487
510
532
556
575
597
615
636
654
670
686
698
712
723
737
747
755
754
755
755
755
755
755
755
747
738
728
719
709
700
688
677
664
639
621
595
577
551
526
504
481
460
438
417
398
379
363
346
332
319
304
294
280
271
263
258
252
252
249
252
258
268
279
287
299
307
318
327
339
350
364
390
412
432
454
480
503
525
547
571
591
611
632
647
665
681
695
708
721
732
745
753
755
755
755
755
755
755
755
755
743
732
723
711
702
691
681
671
653
627
604
583
561
536
512
489
467
446
423
403
385
368
352
336
323
308
297
286
273
265
259
254
252
251
252
254
263
273
286
295
305
316
323
334
345
358
380
403
425
446
470
494
519
540
563
583
604
623
643
659
676
689
703
718
728
742
752
755
755
755
755
755
755
755
755
745
736
726
716
706
697
685
675
659
634
614
591
569
545
520
496
476
454
433
412
391
374
358
342
327
315
300
289
278
269
260
255
252
251
251
253
262
271
280
291
302
312
321
332
342
352
370
396
415
439
461
486
510
532
555
575
598
615
636
654
670
685
699
713
723
736
747
755
755
755
755
755
755
755
755
750
739
728
719
711
700
690
679
667
643
621
598
577
555
529
505
483
460
440
419
399
381
363
347
332
319
305
295
281
271
263
257
252
252
250
252
257
267
278
288
299
307
317
327
339
349
363
388
408
431
451
478
502
525
547
568
590
610
630
647
664
680
694
707
721
732
745
753
755
755
755
755
755
755
755
755
743
731
723
713
704
691
681
671
655
628
604
584
563
537
513
492
468
448
425
404
387
369
352
338
323
309
299
286
273
267
260
254
252
249
252
254
263
273
284
295
305
315
324
335
345
356
379
401
425
445
468
493
518
540
561
583
604
623
641
659
675
689
704
717
728
740
750
755
755
755
755
755
755
755
755
747
736
726
716
707
696
686
676
660
636
615
591
572
547
521
497
476
454
433
413
393
375
358
342
327
315
302
291
278
269
259
255
253
252
251
252
262
271
280
290
302
310
320
332
342
352
370
395
415
438
460
486
509
531
555
574
596
615
636
654
670
684
698
712
723
736
747
755
755
755
755
755
755
755
755
752
740
729
719
711
700
690
679
667
644
623
599
579
556
529
506
483
462
440
419
399
382
364
348
333
319
306
295
281
273
263
257
252
252
249
252
257
268
276
287
298
307
317
327
339
348
361
388
408
432
451
476
500
523
547
569
589
609
630
646
664
679
693
707
719
731
743
752
755
755
755
755
755
755
755
755
743
732
723
714
704
693
683
671
655
629
607
585
564
539
514
492
470
448
427
406
387
369
353
337
324
310
300
286
274
267
259
254
