643
655
664
679
688
693
726
736
721
750
750
739
740
755
713
735
691
736
670
671
711
669
698
639
651
624
608
582
562
543
518
495
476
455
428
409
396
379
371
372
356
348
330
323
310
304
287
289
277
271
270
272
329
301
348
348
320
371
339
359
374
336
372
387
415
431
456
479
507
521
551
568
590
608
624
643
660
673
665
679
693
710
737
736
745
756
756
753
747
743
745
727
699
683
675
703
628
642
664
662
632
609
592
568
547
527
502
484
463
440
416
403
385
371
376
352
350
337
340
323
303
297
296
286
283
268
283
335
327
306
327
344
339
321
380
399
380
353
377
398
425
447
474
496
519
537
563
583
601
620
633
643
643
655
696
696
688
696
732
715
743
750
728
745
743
704
696
681
743
657
659
647
664
651
644
643
621
596
579
558
529
508
489
464
448
423
408
396
377
387
368
369
339
323
317
312
295
290
280
281
275
281
264
280
308
343
352
288
307
319
398
359
345
377
399
419
438
465
487
508
531
555
569
591
615
624
644
655
662
675
707
712
722
711
718
734
752
763
736
752
758
753
696
699
686
649
687
719
646
620
660
630
609
591
569
544
523
499
476
463
435
418
401
380
380
368
358
350
335
331
319
297
288
285
280
273
275
283
312
310
334
307
366
368
337
314
387
399
367
392
415
434
452
476
504
525
545
565
588
605
623
647
668
652
695
688
696
713
722
728
736
749
754
743
745
742
732
696
728
679
679
713
707
652
652
646
638
622
592
577
556
531
504
479
463
443
419
399
385
371
374
359
356
339
316
320
305
289
285
280
276
278
280
313
341
319
352
326
344
366
317
361
352
350
382
399
419
443
472
488
515
538
558
579
595
615
625
646
665
656
683
688
696
709
729
719
726
745
745
755
751
759
739
718
731
656
719
708
656
704
655
650
620
602
587
561
536
515
487
472
447
430
408
393
379
384
376
353
350
323
323
297
292
284
276
271
264
279
265
287
300
331
344
327
284
313
342
355
369
371
397
412
434
460
486
507
531
550
572
587
609
624
644
655
680
696
695
709
723
711
719
750
743
734
746
735
758
728
702
686
710
725
664
656
708
647
659
636
617
591
568
545
521
499
480
459
436
416
399
390
374
380
362
347
334
332
319
301
297
291
272
278
273
269
335
321
312
354
364
313
310
316
404
332
351
381
407
422
446
472
496
515
539
563
579
599
618
634
646
655
679
675
684
696
717
716
745
739
741
752
739
745
728
705
723
700
673
667
659
647
643
667
652
620
604
583
563
537
513
487
470
450
435
408
392
380
383
368
343
327
326
312
307
291
284
283
280
279
279
270
297
326
319
348
358
368
344
368
390
346
368
393
419
433
460
486
512
529
551
575
