752
756
755
756
755
755
755
755
743
732
723
713
705
695
684
671
655
627
611
587
566
540
515
492
470
448
427
408
386
368
352
337
323
309
297
284
271
263
257
252
251
248
250
252
259
272
281
294
302
312
321
332
343
355
375
398
423
440
463
489
515
536
559
580
603
620
639
659
673
688
702
716
728
740
752
756
756
756
756
755
756
756
756
748
739
728
719
708
700
688
679
664
638
620
593
574
551
524
501
479
455
435
414
396
376
359
344
329
316
302
291
276
268
259
254
251
251
248
252
257
268
279
289
298
308
318
327
339
350
366
395
412
435
454
480
507
528
551
575
595
615
633
652
669
684
697
711
724
736
750
756
756
755
756
756
756
756
756
755
742
732
721
713
702
691
680
670
647
625
602
582
560
532
508
487
463
443
422
401
382
364
348
334
321
305
295
281
270
263
257
252
251
248
251
254
263
275
286
295
304
316
326
335
347
359
384
403
429
448
472
499
521
543
567
588
608
627
647
662
679
694
707
721
732
745
754
756
756
755
755
756
755
756
756
745
735
724
716
705
695
684
673
659
630
612
586
568
542
517
495
472
449
428
408
388
371
355
339
324
311
299
287
273
264
258
252
252
249
251
252
260
271
281
292
303
312
321
332
343
355
374
399
422
440
463
489
514
536
559
580
603
620
639
659
674
689
702
716
728
740
752
755
755
756
756
756
756
755
755
750
739
728
719
708
700
688
678
664
638
620
595
575
551
524
500
478
455
435
415
396
376
358
344
329
316
302
291
276
268
260
254
252
251
248
252
257
268
279
288
298
308
319
327
339
351
365
393
411
435
455
481
505
529
551
574
595
615
633
653
668
684
697
711
726
736
749
756
756
756
756
756
755
756
755
755
743
732
722
712
702
691
680
671
649
624
603
580
560
534
508
487
463
441
422
401
382
366
348
334
321
305
294
281
270
263
255
252
251
248
252
254
263
274
285
295
305
316
326
335
347
359
385
403
430
447
471
498
522
544
568
588
609
627
647
662
679
694
705
721
732
745
753
756
756
756
756
756
756
756
755
745
735
725
716
706
696
684
673
658
630
613
587
567
541
518
494
472
451
429
408
388
370
355
339
326
311
297
286
273
265
259
253
252
249
249
252
260
272
281
292
301
312
321
332
344
355
374
399
421
441
463
488
513
536
558
580
603
620
639
659
673
689
702
717
728
739
751
756
755
755
756
755
755
755
756
750
740
728
718
707
700
688
679
665
638
620
595
577
551
526
502
479
455
435
415
396
377
359
344
329
317
302
291
278
269
260
254
252
252
249
251
257
267
278
288
298
308
318
327
339
350
366
395
410
434
452
480
505
527
551
572
593
614
633
652
668
683
696
711
723
