417
395
376
359
342
327
313
300
289
278
268
259
254
250
248
248
252
255
264
276
287
297
307
317
327
339
350
367
397
414
438
458
483
508
531
553
574
595
613
634
652
668
684
696
711
723
736
748
755
754
755
755
755
755
755
755
755
742
731
720
711
701
689
679
668
643
622
599
578
555
529
505
483
462
440
422
402
382
366
348
334
319
304
295
281
271
263
258
252
252
248
251
257
263
275
286
295
305
316
327
335
348
359
390
408
433
451
478
502
524
547
568
590
608
627
647
664
679
692
707
721
732
743
752
755
755
755
755
755
755
755
755
745
736
723
713
704
694
684
671
655
624
608
583
563
537
514
491
468
448
427
409
388
371
354
337
324
310
297
287
275
265
259
253
252
249
253
254
259
271
283
292
303
312
322
332
344
355
379
402
423
444
468
495
518
540
561
582
602
620
641
657
675
689
703
716
728
742
751
755
755
755
755
755
755
755
755
749
738
728
718
708
697
686
675
662
632
617
590
571
546
520
497
477
455
434
415
395
376
359
343
327
313
301
290
279
270
262
255
251
251
249
254
259
268
279
289
300
310
319
329
340
351
368
398
415
440
461
486
510
532
554
575
596
615
636
652
670
685
698
713
724
736
748
755
755
755
755
755
755
755
755
755
742
731
720
711
701
691
679
668
642
622
599
577
555
530
505
483
460
440
422
402
382
366
348
332
319
304
295
281
271
263
257
252
252
251
250
257
263
275
286
295
305
316
326
335
348
361
391
408
433
452
478
503
524
547
568
590
608
627
647
664
679
694
707
721
732
745
753
755
755
755
755
755
755
755
755
746
735
724
715
705
694
683
671
655
625
608
583
563
537
513
491
468
448
427
408
387
371
355
339
324
309
297
286
275
267
260
253
252
249
251
255
260
271
281
292
303
313
323
334
344
355
379
401
425
446
468
494
517
540
560
583
604
620
641
657
675
689
703
716
728
740
751
755
755
756
755
755
755
755
755
749
738
728
718
708
697
686
676
663
632
615
591
571
547
521
497
476
455
434
415
396
376
359
343
329
315
302
291
278
269
261
255
252
252
249
254
259
268
279
289
300
310
319
329
340
352
368
398
415
440
460
486
511
532
553
575
595
614
636
652
669
684
699
713
724
736
748
755
755
755
755
755
755
755
755
755
742
732
721
711
701
690
679
665
644
622
599
577
555
529
505
483
460
440
422
403
382
366
348
333
319
304
295
283
272
264
258
251
252
249
252
257
263
274
286
295
306
316
327
336
348
360
390
408
433
451
477
502
524
547
568
591
608
627
647
664
679
694
708
720
732
743
753
755
756
755
755
755
755
755
755
746
734
724
713
704
694
684
671
655
625
608
583
563
537
513
490
