359
371
399
422
442
464
490
513
536
559
577
601
620
639
657
674
688
702
719
726
739
750
755
754
755
755
755
755
755
755
749
737
728
717
707
697
687
675
663
638
615
591
572
548
522
499
476
455
434
414
395
375
358
342
327
313
302
291
279
269
262
257
252
251
249
251
257
268
278
289
300
308
319
329
340
352
366
393
414
436
457
483
508
530
551
574
595
615
635
654
669
684
697
712
724
736
747
754
755
755
755
755
755
755
755
755
743
732
721
711
701
690
679
668
648
624
600
579
556
531
508
486
463
440
420
401
382
364
348
334
319
305
294
284
272
265
259
252
251
249
252
253
263
275
286
295
306
316
327
336
348
359
384
407
430
449
474
499
521
545
567
588
608
627
647
664
679
695
707
719
732
743
753
755
755
755
755
755
755
755
755
747
736
725
715
705
695
684
672
657
631
610
587
567
540
515
492
472
451
428
408
388
371
353
339
324
311
299
287
274
268
260
255
252
249
251
252
259
269
281
292
303
312
323
334
344
355
371
399
421
443
465
491
515
536
559
579
601
621
639
657
674
689
703
717
728
740
750
755
755
755
755
755
755
755
755
750
739
728
719
707
697
688
676
664
641
617
594
574
550
524
502
479
457
435
415
396
376
359
344
329
315
303
291
280
270
262
257
251
249
250
252
257
267
277
287
300
310
319
329
339
351
364
391
412
435
455
481
507
528
551
573
594
614
634
652
669
684
698
711
723
735
745
755
755
755
755
756
755
755
755
755
743
732
721
711
702
691
679
668
651
624
603
582
559
532
508
486
464
441
422
402
383
366
350
334
321
307
295
284
273
265
260
254
251
248
251
254
263
275
286
295
305
315
326
336
348
359
382
404
428
448
473
499
521
543
566
587
608
627
647
662
679
694
707
720
732
743
752
755
755
755
755
755
755
755
755
747
736
726
715
705
695
684
673
659
632
610
588
568
542
518
495
472
451
429
408
390
371
355
339
324
311
300
287
275
268
260
255
252
251
251
252
259
270
280
291
303
312
322
332
344
355
369
399
420
441
463
489
513
536
558
578
600
620
639
657
673
689
701
716
728
739
750
755
755
755
755
755
755
755
755
751
739
729
719
709
699
688
676
665
642
620
595
575
551
525
503
480
457
437
415
396
377
361
344
331
317
302
291
280
270
263
259
252
251
249
252
255
268
278
287
299
308
319
328
339
351
363
390
410
435
455
481
505
527
550
572
593
612
633
651
668
684
697
711
723
734
744
755
755
755
755
755
755
755
755
755
743
733
723
711
703
691
681
670
652
625
604
583
560
535
511
487
466
444
423
403
384
368
350
335
321
307
295
284
273
264
259
254
252
249
252
253
263
272
284
295
305
315
